0 7 2 3 2.55555555556 9.4 5 6 1.98076923077 0.00961538461538
3 7 1 0 2.83333333333 6.57142857143 3 6 1.96226415094 0.0188679245283
0 4 6 5 1.44444444444 2.8 3 6 1.94736842105 0.0263157894737
0 9 2 1 2.88888888889 9.5 4 6 1.98095238095 0.00952380952381
0 9 2 2 2.44444444444 7.6 5 8 1.97674418605 0.0116279069767
0 9 2 1 2.55555555556 11.0 5 7 1.98333333333 0.00833333333333
0 8 3 2 3.0 10.2 4 7 1.98214285714 0.00892857142857
0 8 3 2 2.22222222222 6.4 6 5 1.97297297297 0.0135135135135
0 9 2 2 2.33333333333 7.8 4 7 1.97727272727 0.0113636363636
1 9 1 2 2.625 7.33333333333 5 6 1.97333333333 0.0133333333333
0 9 2 3 2.22222222222 6.7 4 7 1.97402597403 0.012987012987
0 8 3 2 2.55555555556 7.1 5 6 1.97530864198 0.0123456790123
0 7 4 2 2.22222222222 7.1 7 6 1.97530864198 0.0123456790123
0 9 2 1 3.0 7.7 4 5 1.97701149425 0.0114942528736
1 9 1 0 3.0 8.77777777778 5 6 1.97727272727 0.0113636363636
0 10 1 2 3.22222222222 9.6 5 6 1.98113207547 0.00943396226415
0 8 3 2 2.22222222222 7.6 3 8 1.97674418605 0.0116279069767
0 6 3 2 1.88888888889 5.8 4 7 1.97058823529 0.0147058823529
2 8 1 2 2.71428571429 7.375 3 5 1.97014925373 0.0149253731343
0 6 4 2 1.77777777778 5.3 5 5 1.96825396825 0.015873015873
0 6 4 3 1.66666666667 4.7 3 5 1.9649122807 0.0175438596491
1 9 1 0 2.875 9.0 3 6 1.97777777778 0.0111111111111
0 8 2 3 2.22222222222 6.1 6 4 1.97183098592 0.0140845070423
0 10 1 0 2.11111111111 5.0 5 7 1.96666666667 0.0166666666667
0 8 3 2 2.33333333333 6.0 5 4 1.97142857143 0.0142857142857
0 10 1 2 2.11111111111 6.5 4 8 1.97333333333 0.0133333333333
0 7 4 2 1.77777777778 6.4 5 8 1.97297297297 0.0135135135135
0 8 2 2 2.0 5.9 4 6 1.97101449275 0.0144927536232
1 8 2 2 3.0 8.88888888889 4 8 1.97752808989 0.0112359550562
0 10 1 0 2.66666666667 9.0 5 6 1.98 0.01
0 8 2 3 2.44444444444 9.4 4 5 1.98076923077 0.00961538461538
0 9 2 1 2.44444444444 7.5 6 7 1.97647058824 0.0117647058824
0 8 3 4 2.22222222222 5.9 6 6 1.97101449275 0.0144927536232
0 9 2 2 2.88888888889 10.6 4 7 1.98275862069 0.00862068965517
0 10 1 2 2.88888888889 8.8 5 8 1.97959183673 0.0102040816327
0 8 2 1 1.88888888889 5.0 4 6 1.96666666667 0.0166666666667
0 9 2 1 2.22222222222 6.7 6 7 1.97402597403 0.012987012987
0 9 2 1 2.11111111111 4.8 6 5 1.96551724138 0.0172413793103
0 10 1 0 2.88888888889 9.4 6 7 1.98076923077 0.00961538461538
0 6 4 2 1.88888888889 6.5 5 6 1.97333333333 0.0133333333333
0 7 3 4 1.77777777778 3.7 5 5 1.95744680851 0.0212765957447
0 6 5 3 1.77777777778 5.0 3 6 1.96666666667 0.0166666666667
0 10 1 0 3.77777777778 12.3 4 8 1.98496240602 0.00751879699248
0 4 7 3 1.88888888889 5.6 5 7 1.9696969697 0.0151515151515
0 5 4 3 1.44444444444 3.8 4 7 1.95833333333 0.0208333333333
0 9 2 2 2.77777777778 10.4 5 7 1.98245614035 0.00877192982456
0 7 3 2 2.11111111111 6.9 4 5 1.9746835443 0.0126582278481
0 9 2 1 2.88888888889 9.6 6 8 1.98113207547 0.00943396226415
0 10 1 0 3.0 11.3 5 9 1.9837398374 0.00813008130081
0 10 1 2 3.22222222222 10.1 4 6 1.98198198198 0.00900900900901
0 7 4 2 1.77777777778 4.8 4 5 1.96551724138 0.0172413793103
0 8 2 1 1.77777777778 4.8 3 8 1.96551724138 0.0172413793103
0 8 3 2 2.88888888889 9.2 5 8 1.98039215686 0.00980392156863
0 7 4 2 2.0 6.4 5 6 1.97297297297 0.0135135135135
0 8 2 3 2.22222222222 7.1 3 8 1.97530864198 0.0123456790123
0 6 3 2 1.77777777778 6.4 4 6 1.97297297297 0.0135135135135
0 6 3 2 1.66666666667 3.5 4 6 1.95555555556 0.0222222222222
0 9 2 1 2.22222222222 5.8 5 6 1.97058823529 0.0147058823529
0 8 2 1 2.0 7.2 6 8 1.9756097561 0.0121951219512
0 4 4 2 1.44444444444 3.6 5 7 1.95652173913 0.0217391304348
0 8 2 1 2.0 6.7 4 8 1.97402597403 0.012987012987
1 9 1 0 3.0 9.33333333333 5 8 1.97849462366 0.010752688172
0 6 5 2 1.66666666667 6.1 4 7 1.97183098592 0.0140845070423
0 6 4 3 1.66666666667 4.5 4 6 1.96363636364 0.0181818181818
0 9 2 2 2.77777777778 10.0 7 8 1.98181818182 0.00909090909091
0 9 2 1 2.66666666667 9.3 4 7 1.98058252427 0.00970873786408
0 7 2 1 1.66666666667 3.2 6 5 1.95238095238 0.0238095238095
0 10 1 0 2.55555555556 7.3 6 8 1.97590361446 0.0120481927711
0 7 3 2 2.0 7.2 4 8 1.9756097561 0.0121951219512
0 7 4 3 2.22222222222 6.5 4 6 1.97333333333 0.0133333333333
0 8 3 2 3.11111111111 10.1 4 6 1.98198198198 0.00900900900901
0 4 5 4 1.44444444444 4.5 3 6 1.96363636364 0.0181818181818
0 7 3 2 1.88888888889 5.0 3 8 1.96666666667 0.0166666666667
1 9 1 0 2.375 7.11111111111 4 7 1.97260273973 0.013698630137
0 7 2 1 2.55555555556 7.0 5 7 1.975 0.0125
0 10 1 0 3.11111111111 10.5 4 7 1.98260869565 0.00869565217391
0 8 2 1 2.22222222222 8.1 4 7 1.97802197802 0.010989010989
0 7 3 2 1.77777777778 4.5 4 5 1.96363636364 0.0181818181818
0 9 2 1 2.33333333333 5.7 5 6 1.97014925373 0.0149253731343
0 6 5 4 2.44444444444 7.4 4 6 1.97619047619 0.0119047619048
0 8 2 2 2.33333333333 7.0 5 8 1.975 0.0125
0 7 3 2 2.0 5.8 4 7 1.97058823529 0.0147058823529
0 9 2 2 2.66666666667 8.2 5 9 1.97826086957 0.0108695652174
0 9 2 1 2.33333333333 6.7 5 6 1.97402597403 0.012987012987
0 10 1 0 3.0 9.3 5 6 1.98058252427 0.00970873786408
0 9 2 1 2.55555555556 8.5 3 8 1.97894736842 0.0105263157895
0 9 2 1 3.33333333333 10.7 5 8 1.98290598291 0.00854700854701
1 8 2 1 2.125 6.22222222222 7 8 1.96923076923 0.0153846153846
0 7 3 3 2.11111111111 5.8 4 6 1.97058823529 0.0147058823529
0 4 7 5 1.33333333333 2.9 5 5 1.94871794872 0.025641025641
0 8 2 1 2.33333333333 7.3 4 7 1.97590361446 0.0120481927711
0 10 1 2 2.11111111111 6.6 5 7 1.97368421053 0.0131578947368
0 8 2 1 1.88888888889 4.9 7 7 1.96610169492 0.0169491525424
0 8 2 1 2.44444444444 7.2 6 6 1.9756097561 0.0121951219512
0 8 3 2 2.33333333333 7.9 5 8 1.97752808989 0.0112359550562
0 5 6 4 1.66666666667 4.3 3 5 1.96226415094 0.0188679245283
2 8 1 2 3.14285714286 7.0 4 5 1.96875 0.015625
0 4 7 4 1.55555555556 3.0 5 8 1.95 0.025
0 8 2 3 2.22222222222 6.7 7 7 1.97402597403 0.012987012987
0 7 4 5 2.0 6.7 4 8 1.97402597403 0.012987012987
0 9 2 1 2.0 5.8 7 6 1.97058823529 0.0147058823529
1 6 3 2 1.875 5.22222222222 6 7 1.96428571429 0.0178571428571
0 9 2 2 2.66666666667 9.1 4 7 1.9801980198 0.00990099009901
0 5 6 3 1.55555555556 4.0 4 5 1.96 0.02
0 8 3 2 2.22222222222 7.3 4 6 1.97590361446 0.0120481927711
1 8 2 1 2.25 5.33333333333 8 7 1.9649122807 0.0175438596491
0 7 3 2 1.66666666667 5.4 5 6 1.96875 0.015625
0 6 5 3 1.77777777778 5.6 4 7 1.9696969697 0.0151515151515
0 9 2 1 2.55555555556 7.9 6 6 1.97752808989 0.0112359550562
0 5 5 4 1.44444444444 3.0 5 4 1.95 0.025
1 9 1 0 2.875 8.77777777778 4 7 1.97727272727 0.0113636363636
0 10 1 0 2.77777777778 9.2 5 6 1.98039215686 0.00980392156863
2 7 2 1 2.14285714286 4.625 7 5 1.95555555556 0.0222222222222
0 9 2 1 2.66666666667 9.9 4 6 1.98165137615 0.00917431192661
0 10 1 0 2.77777777778 9.5 5 8 1.98095238095 0.00952380952381
0 4 5 3 1.33333333333 3.2 4 5 1.95238095238 0.0238095238095
0 9 2 1 2.44444444444 8.9 4 7 1.9797979798 0.010101010101
