6 2 2 0.666666666667 4.9 3 6 1.96610169492 0.0169491525424
7 2 2 0.666666666667 11.5 6 6 1.984 0.008
10 1 1 1.03703703704 20.9 7 6 1.99086757991 0.00456621004566
9 1 1 1.08333333333 27.0 10 6 1.99285714286 0.00357142857143
9 1 1 1.22727272727 36.4 10 8 1.99465240642 0.00267379679144
8 1 1 1.30188679245 45.7 10 10 1.99571734475 0.00214132762313
8 2 2 1.26229508197 51.7 10 13 1.99620493359 0.00189753320683
8 2 2 1.34285714286 60.4 13 13 1.99674267101 0.00162866449511
9 1 1 1.44303797468 67.6 14 13 1.9970845481 0.00145772594752
7 2 2 1.42045454545 74.6 14 13 1.99735449735 0.00132275132275
9 1 1 1.43157894737 80.2 14 13 1.99753694581 0.0012315270936
10 1 1 1.48 87.2 14 16 1.9977324263 0.00113378684807
10 0 0 1.46666666667 90.7 14 17 1.99781897492 0.00109051254089
8 1 1 1.43518518519 91.7 14 17 1.9978425027 0.00107874865156
10 0 0 1.4224137931 96.2 17 17 1.99794238683 0.00102880658436
10 1 1 1.43089430894 102.7 17 17 1.99807135969 0.000964320154291
8 2 2 1.41538461538 106.7 17 17 1.99814298979 0.000928505106778
9 1 1 1.41304347826 112.5 17 17 1.99823788546 0.000881057268722
10 1 1 1.45578231293 120.9 17 17 1.99835931091 0.000820344544709
8 1 2 1.44155844156 125.7 17 18 1.99842146803 0.000789265982636
9 2 2 1.45 131.7 17 19 1.99849284099 0.000753579502638
8 1 1 1.44444444444 133.7 17 19 1.99851521901 0.000742390497402
7 1 2 1.42261904762 137.9 17 20 1.99856011519 0.000719942404608
9 1 2 1.4011627907 141.1 20 20 1.99859254046 0.000703729767769
9 1 1 1.40331491713 147.6 20 20 1.99865410498 0.000672947510094
7 2 2 1.37037037037 149.9 20 20 1.99867461895 0.000662690523526
9 1 2 1.39086294416 156.5 20 20 1.99873015873 0.000634920634921
8 2 2 1.36 160.2 20 20 1.99875930521 0.000620347394541
8 1 2 1.34134615385 164.3 20 20 1.99879007864 0.000604960677556
9 1 1 1.35046728972 170.9 20 20 1.99883653287 0.000581733566027
8 1 1 1.34403669725 174.2 20 20 1.99885844749 0.000570776255708
8 1 2 1.32735426009 177.3 20 20 1.99887829501 0.000560852495794
9 1 1 1.33187772926 182.9 20 20 1.99891245242 0.000543773790103
9 1 3 1.32905982906 186.4 20 20 1.99893276414 0.000533617929562
9 1 1 1.35564853556 191.4 20 20 1.99896049896 0.000519750519751
8 1 2 1.35564853556 191.4 20 20 1.99896049896 0.000519750519751
9 1 1 1.35564853556 191.4 20 20 1.99896049896 0.000519750519751
9 1 1 1.34693877551 194.2 20 20 1.99897540984 0.000512295081967
8 1 1 1.34817813765 245.125 20 20 1.99898425597 0.000507872016252
8 1 1 1.33992094862 201.3 20 21 1.99901136925 0.000494315373208
10 1 1 1.34482758621 205.9 20 21 1.99903334944 0.000483325277912
8 2 2 1.33208955224 209.1 21 21 1.99904807235 0.000475963826749
8 1 1 1.35272727273 216.5 21 21 1.99908045977 0.000459770114943
9 1 1 1.35 221.7 21 22 1.99910193085 0.000449034575662
9 1 1 1.34628975265 224.9 22 22 1.9991146525 0.000442673749447
8 1 2 1.33564013841 228.2 22 22 1.99912739965 0.00043630017452
9 1 1 1.32989690722 228.6 22 22 1.99912891986 0.000435540069686
8 1 1 1.33333333333 233.0 22 22 1.99914529915 0.00042735042735
9 2 2 1.34006734007 235.9 22 22 1.99915576192 0.000422119037569
8 1 1 1.34098360656 240.6 22 22 1.99917218543 0.000413907284768
9 1 1 1.34083601286 245.1 22 22 1.99918732223 0.000406338886631
7 2 2 1.33333333333 248.7 22 22 1.99919903885 0.000400480576692
10 1 1 1.33125 252.1 22 22 1.9992097985 0.000395100750691
9 1 1 1.32919254658 254.7 22 22 1.9992178334 0.000391083300743
9 1 1 1.33024691358 258.0 22 22 1.99922779923 0.0003861003861
9 1 1 1.35240963855 265.1 22 22 1.99924840286 0.000375798571965
9 1 1 1.35588235294 271.6 22 22 1.99926632428 0.000366837857667
9 1 2 1.3567251462 273.1 22 22 1.99927033929 0.000364830353885
10 1 1 1.3652173913 276.8 22 22 1.9992800576 0.000359971202304
9 1 1 1.37215909091 283.8 22 22 1.99929775281 0.000351123595506
7 2 2 1.3687150838 286.7 22 22 1.99930483142 0.00034758428919
9 1 1 1.36565096953 287.7 22 22 1.99930723935 0.000346380325598
9 1 1 1.36538461538 289.9 22 22 1.99931247851 0.000343760742523
9 1 1 1.36239782016 292.3 22 22 1.99931810433 0.000340947834981
8 2 2 1.35579514825 295.0 22 22 1.99932432432 0.000337837837838
6 4 4 1.33333333333 297.9 22 22 1.99933087989 0.00033456005353
9 1 1 1.34203655352 300.4 22 22 1.99933642999 0.000331785003318
10 0 0 1.34020618557 303.6 22 22 1.99934340118 0.000328299409061
8 1 3 1.33673469388 308.9 22 22 1.99935463053 0.000322684737012
10 0 0 1.34586466165 314.4 22 22 1.99936588459 0.000317057704502
10 0 0 1.35074626866 317.5 22 22 1.99937205651 0.000313971742543
10 1 1 1.3523573201 318.9 22 22 1.99937480463 0.000312597686777
8 1 1 1.34718826406 321.6 22 22 1.9993800372 0.000309981401116
10 0 0 1.34782608696 324.9 22 22 1.99938631482 0.000306842589751
9 2 3 1.34532374101 326.6 22 22 1.99938949939 0.00030525030525
7 1 1 1.33412887828 326.9 22 22 1.99939005794 0.000304971027752
9 1 1 1.33095238095 327.3 22 22 1.9993908011 0.000304599451721
7 2 2 1.32400932401 331.9 22 22 1.99939921898 0.00030039050766
10 1 1 1.31870669746 335.6 23 22 1.99940582294 0.000297088532383
7 2 2 1.30821917808 338.7 23 22 1.99941124522 0.000294377391816
8 2 2 1.31221719457 341.5 23 23 1.99941605839 0.00029197080292
8 1 2 1.31531531532 342.7 23 23 1.99941809718 0.000290951411114
10 1 1 1.31614349776 344.7 23 23 1.9994214637 0.000289268151577
9 1 3 1.31707317073 346.7 23 23 1.99942479149 0.000287604256543
10 0 0 1.32675438596 353.2 23 23 1.99943534726 0.000282326369283
8 1 2 1.31956521739 354.7 23 23 1.99943772842 0.000281135788586
9 1 1 1.31818181818 355.5 23 23 1.99943899018 0.000280504908836
8 1 2 1.3170212766 359.3 23 24 1.99944490702 0.000277546489037
8 2 2 1.3170212766 359.3 24 24 1.99944490702 0.000277546489037
9 1 1 1.32067510549 362.0 24 24 1.99944903581 0.000275482093664
9 1 2 1.32075471698 364.3 24 24 1.99945250479 0.000273747604708
7 2 2 1.31458333333 364.9 24 24 1.99945340257 0.000273298715496
9 1 3 1.31069958848 368.9 24 24 1.99945931333 0.000270343336037
9 1 1 1.31069958848 368.9 24 24 1.99945931333 0.000270343336037
8 1 2 1.30549898167 372.2 24 24 1.99946409432 0.0002679528403
9 1 1 1.30769230769 376.4 24 24 1.99947005829 0.000264970853206
8 1 1 1.30769230769 376.4 24 24 1.99947005829 0.000264970853206
8 1 1 1.30769230769 376.4 24 24 1.99947005829 0.000264970853206
8 1 1 1.30707070707 418.555555556 24 24 1.99947033898 0.000264830508475
9 1 1 1.30876494024 383.3 24 24 1.99947957325 0.000260213374967
