9 1 1 1.44444444444 8.5 5 9 1.97894736842 0.0105263157895
9 1 1 1.55555555556 17.7 9 9 1.98930481283 0.00534759358289
10 0 0 1.62962962963 26.5 9 12 1.99272727273 0.00363636363636
10 1 1 1.63888888889 35.9 12 12 1.9945799458 0.00271002710027
9 1 1 1.68888888889 43.0 12 12 1.99545454545 0.00227272727273
8 1 1 1.62962962963 48.9 12 12 1.99599198397 0.00200400801603
10 0 0 1.66666666667 57.7 12 12 1.99659284497 0.00170357751278
9 1 1 1.63888888889 63.2 12 12 1.9968847352 0.00155763239875
7 2 3 1.59259259259 71.5 12 12 1.99724137931 0.00137931034483
8 1 1 1.59550561798 83.1111111111 12 12 1.99735799207 0.00132100396301
8 1 1 1.60204081633 83.1 12 12 1.99762187872 0.00118906064209
9 1 1 1.6 87.9 13 12 1.99775028121 0.00112485939258
6 1 2 1.53571428571 101.111111111 13 12 1.99782372144 0.00108813928183
8 2 2 1.54166666667 98.1 13 12 1.99798183653 0.00100908173562
9 1 2 1.5503875969 105.6 15 12 1.99812382739 0.00093808630394
6 2 2 1.51824817518 120.333333333 15 12 1.99816849817 0.000915750915751
7 2 2 1.5 112.0 15 12 1.9982300885 0.000884955752212
9 1 1 1.5 117.8 16 12 1.99831649832 0.000841750841751
9 1 1 1.5 122.9 16 12 1.998385795 0.000807102502018
7 2 2 1.4578313253 126.2 16 12 1.99842767296 0.000786163522013
8 2 3 1.44186046512 131.0 19 12 1.99848484848 0.000757575757576
9 1 1 1.4375 135.6 19 13 1.99853587116 0.000732064421669
7 2 2 1.42222222222 152.888888889 19 13 1.99855595668 0.00072202166065
6 3 3 1.40860215054 158.0 19 13 1.99860237596 0.000698812019567
9 1 1 1.41025641026 147.9 19 13 1.99865681666 0.000671591672263
9 1 1 1.42647058824 159.0 19 13 1.99875 0.000625
9 1 1 1.43601895735 166.0 19 15 1.99880239521 0.00059880239521
9 1 1 1.4331797235 171.5 19 15 1.99884057971 0.000579710144928
10 0 0 1.44144144144 177.0 19 15 1.99887640449 0.000561797752809
6 2 2 1.41304347826 200.222222222 19 15 1.99889563777 0.000552181115406
8 1 1 1.42259414226 185.7 19 15 1.99892876272 0.000535618639529
10 0 0 1.45564516129 196.5 19 15 1.99898734177 0.000506329113924
9 2 2 1.4609375 203.1 19 15 1.99902008819 0.000489955903969
7 3 4 1.43726235741 207.0 19 16 1.99903846154 0.000480769230769
10 0 0 1.45018450185 213.4 19 16 1.99906716418 0.000466417910448
8 2 3 1.43636363636 239.111111111 19 16 1.99907450255 0.000462748727441
8 1 2 1.43617021277 244.444444444 19 17 1.99909461295 0.000452693526483
9 1 1 1.4375 224.2 19 17 1.99911190053 0.00044404973357
8 1 2 1.42176870748 227.7 19 17 1.99912549191 0.0004372540446
10 1 1 1.44039735099 236.6 19 17 1.99915824916 0.000420875420875
9 1 1 1.43365695793 240.6 19 17 1.99917218543 0.000413907284768
9 1 2 1.42088607595 243.7 19 17 1.99918267266 0.0004086636698
6 2 3 1.40186915888 272.555555556 19 17 1.99918765232 0.000406173842405
10 1 1 1.41768292683 253.3 19 18 1.99921352733 0.000393236335037
8 2 2 1.41194029851 259.1 19 18 1.99923106498 0.000384467512495
7 2 2 1.39534883721 261.3 19 18 1.9992375143 0.000381242851697
9 0 0 1.40057636888 293.888888889 19 18 1.9992464205 0.000376789751319
10 0 0 1.41011235955 271.6 19 18 1.99926632428 0.000366837857667
10 1 1 1.41944444444 277.3 19 18 1.99928135106 0.000359324469996
9 1 1 1.42119565217 280.8 19 18 1.99929027679 0.000354861603974
9 1 1 1.41621621622 282.8 19 18 1.99929527837 0.000352360817477
8 1 2 1.408 316.777777778 19 18 1.9993006993 0.00034965034965
7 1 1 1.40052356021 290.1 19 18 1.99931295088 0.000343524562006
9 1 1 1.40920716113 296.5 19 18 1.99932773109 0.000336134453782
8 1 1 1.41116751269 302.6 19 18 1.99934123847 0.000329380764163
8 1 3 1.395 303.9 19 18 1.99934404723 0.0003279763857
9 1 1 1.40147783251 309.9 19 18 1.99935670634 0.000321646831779
9 1 1 1.39756097561 312.3 19 18 1.99936163422 0.000319182891797
9 1 2 1.3937947494 317.5 19 18 1.99937205651 0.000313971742543
9 1 1 1.3937947494 319.1 19 18 1.99937519525 0.000312402374258
8 2 2 1.39018691589 324.9 19 18 1.99938631482 0.000306842589751
8 2 2 1.3816091954 327.0 19 18 1.9993902439 0.00030487804878
8 2 2 1.37986270023 364.555555556 19 19 1.99939209726 0.000303951367781
9 1 1 1.37752808989 332.4 19 19 1.99940011998 0.000299940011998
8 2 3 1.37168141593 334.5 19 19 1.99940387481 0.000298062593145
5 4 4 1.36483516484 336.9 19 19 1.99940810891 0.00029594554602
9 1 2 1.35947712418 339.2 19 19 1.99941211052 0.000293944738389
8 1 1 1.35714285714 379.777777778 19 19 1.99941639918 0.000291800408521
8 1 1 1.35622317597 345.8 19 19 1.99942329873 0.000288350634371
9 1 1 1.35181236674 346.5 19 19 1.99942446043 0.000287769784173
9 2 2 1.35381355932 348.9 19 19 1.99942840812 0.000285795941698
9 1 2 1.3467230444 350.5 19 19 1.99943100996 0.000284495021337
8 1 1 1.34518828452 354.0 19 19 1.99943661972 0.000281690140845
6 1 1 1.3381443299 397.222222222 19 19 1.99944196429 0.000279017857143
10 0 0 1.35173824131 363.6 19 19 1.99945145365 0.000274273176083
9 1 1 1.37148594378 372.2 20 19 1.99946409432 0.0002679528403
7 3 3 1.375 375.9 20 20 1.99946935527 0.000265322366676
10 1 1 1.375 375.9 20 20 1.99946935527 0.000265322366676
8 2 2 1.3820662768 383.6 20 20 1.9994799792 0.000260010400416
9 1 1 1.38104448743 387.7 20 20 1.99948546437 0.000257267815796
8 1 1 1.37333333333 392.1 20 20 1.99949122361 0.000254388196388
9 1 1 1.37218045113 396.5 20 20 1.99949685535 0.000251572327044
7 3 3 1.3738317757 400.3 20 22 1.99950161974 0.000249190132071
8 2 2 1.3664825046 404.5 22 22 1.99950678175 0.000246609124538
10 0 0 1.3795620438 410.6 22 22 1.99951409135 0.000242954324587
9 1 2 1.38267148014 415.7 22 22 1.9995200384 0.000239980801536
8 2 2 1.38146167558 421.1 23 22 1.99952617863 0.000236910684672
8 2 2 1.37389770723 425.1 23 22 1.99953062661 0.000234686693264
9 1 1 1.3765323993 429.0 23 22 1.99953488372 0.000232558139535
7 2 2 1.37043478261 478.888888889 23 22 1.99953692984 0.000231535077564
8 1 1 1.37043478261 430.9 23 22 1.99953692984 0.000231535077564
7 1 2 1.36395147314 431.0 23 22 1.99953703704 0.000231481481481
7 1 1 1.36960276339 434.4 23 22 1.99954065227 0.000229673863114
8 1 1 1.37585034014 440.0 23 22 1.99954648526 0.000226757369615
9 2 2 1.37774030354 443.2 23 22 1.99954975236 0.0002251238181
8 1 1 1.3771043771 494.555555556 23 22 1.99955156951 0.000224215246637
9 1 1 1.37833333333 449.0 23 22 1.99955555556 0.000222222222222
10 1 1 1.37623762376 412.545454545 23 22 1.99956034293 0.000219828533744
7 1 1 1.375 506.666666667 23 22 1.99956226745 0.000218866272707
10 0 0 1.38573743922 463.0 23 22 1.99956896552 0.000215517241379
