0 7 2 1 2.55555555556 9.4 5 6 1.98076923077 0.00961538461538 4 7 3 2 4 9 14 13
3 7 1 0 2.83333333333 6.57142857143 3 6 1.96226415094 0.0188679245283 3 5 0 2 6 10 3 0
0 4 6 5 1.44444444444 2.8 3 6 1.94736842105 0.0263157894737 2 4 9 15 13 8 0 0
0 9 2 1 2.88888888889 9.5 4 6 1.98095238095 0.00952380952381 4 6 1 2 5 19 16 2
0 9 2 1 2.44444444444 7.6 5 8 1.97674418605 0.0116279069767 3 5 1 8 15 16 5 0
0 9 2 1 2.55555555556 11.0 5 7 1.98333333333 0.00833333333333 4 6 1 3 7 18 11 5
0 8 3 2 3.0 10.2 4 7 1.98214285714 0.00892857142857 4 7 2 4 6 8 12 13
0 8 3 2 2.22222222222 6.4 6 5 1.97297297297 0.0135135135135 3 5 2 6 15 18 4 0
0 9 2 1 2.33333333333 7.8 4 7 1.97727272727 0.0113636363636 3 6 1 8 10 16 5 5
1 9 1 0 2.625 7.33333333333 5 6 1.97333333333 0.0133333333333 3 5 0 5 10 17 4 0
0 9 2 1 2.22222222222 6.7 4 7 1.97402597403 0.012987012987 3 6 1 10 18 11 4 1
0 8 3 2 2.55555555556 7.1 5 6 1.97530864198 0.0123456790123 4 7 2 6 6 8 14 9
0 7 4 2 2.22222222222 7.1 7 6 1.97530864198 0.0123456790123 3 6 3 5 11 15 10 1
0 9 2 1 3.0 7.7 4 5 1.97701149425 0.0114942528736 4 7 1 5 1 7 17 14
1 9 1 0 3.0 8.77777777778 5 6 1.97727272727 0.0113636363636 3 5 0 1 7 20 8 0
0 10 1 0 3.22222222222 9.6 5 6 1.98113207547 0.00943396226415 4 6 0 2 4 22 13 4
0 8 3 2 2.22222222222 7.6 3 8 1.97674418605 0.0116279069767 3 6 2 9 11 11 9 3
0 6 3 2 1.88888888889 5.8 4 7 1.97058823529 0.0147058823529 3 6 4 6 21 10 3 1
2 8 1 0 2.71428571429 7.375 3 5 1.97014925373 0.0149253731343 4 6 0 3 4 11 9 1
0 6 4 2 1.77777777778 5.3 5 5 1.96825396825 0.015873015873 3 5 4 8 17 14 2 0
0 6 4 3 1.66666666667 4.7 3 5 1.9649122807 0.0175438596491 2 5 5 12 18 9 1 0
1 9 1 0 2.875 9.0 3 6 1.97777777778 0.0111111111111 3 6 0 2 10 16 6 2
0 8 2 1 2.22222222222 6.1 6 4 1.97183098592 0.0140845070423 3 5 2 3 25 14 1 0
0 10 1 0 2.11111111111 5.0 5 7 1.96666666667 0.0166666666667 2 4 0 15 29 1 0 0
0 8 3 2 2.33333333333 6.0 5 4 1.97142857143 0.0142857142857 3 5 2 6 14 18 5 0
0 10 1 0 2.11111111111 6.5 4 8 1.97333333333 0.0133333333333 3 4 0 9 27 9 0 0
0 7 4 2 1.77777777778 6.4 5 8 1.97297297297 0.0135135135135 3 5 3 8 17 16 1 0
0 8 2 1 2.0 5.9 4 6 1.97101449275 0.0144927536232 3 6 2 10 17 10 5 1
1 8 2 1 3.0 8.88888888889 4 8 1.97752808989 0.0112359550562 4 7 1 1 6 17 4 7
0 10 1 0 2.66666666667 9.0 5 6 1.98 0.01 3 5 0 4 13 18 10 0
0 8 2 1 2.44444444444 9.4 4 5 1.98076923077 0.00961538461538 4 8 2 3 4 10 15 11
0 9 2 1 2.44444444444 7.5 6 7 1.97647058824 0.0117647058824 3 6 1 4 16 17 5 2
0 8 3 2 2.22222222222 5.9 6 6 1.97101449275 0.0144927536232 3 6 3 5 14 12 10 1
0 9 2 1 2.88888888889 10.6 4 7 1.98275862069 0.00862068965517 4 6 1 1 5 22 15 1
0 10 1 0 2.88888888889 8.8 5 8 1.97959183673 0.0102040816327 3 5 0 1 16 26 2 0
0 8 2 1 1.88888888889 5.0 4 6 1.96666666667 0.0166666666667 3 5 2 9 21 12 1 0
0 9 2 1 2.22222222222 6.7 6 7 1.97402597403 0.012987012987 3 5 1 8 17 13 6 0
0 9 2 1 2.11111111111 4.8 6 5 1.96551724138 0.0172413793103 2 5 1 12 21 10 1 0
0 10 1 0 2.88888888889 9.4 6 7 1.98076923077 0.00961538461538 3 6 0 1 13 18 12 1
0 6 4 2 1.88888888889 6.5 5 6 1.97333333333 0.0133333333333 3 6 4 6 8 16 10 1
0 7 3 2 1.77777777778 3.7 5 5 1.95744680851 0.0212765957447 2 4 3 13 25 4 0 0
0 6 5 3 1.77777777778 5.0 3 6 1.96666666667 0.0166666666667 2 5 5 6 20 13 1 0
0 10 1 0 3.77777777778 12.3 4 8 1.98496240602 0.00751879699248 4 6 0 0 4 17 19 5
0 4 7 3 1.88888888889 5.6 5 7 1.9696969697 0.0151515151515 3 5 7 7 11 9 11 0
0 5 4 3 1.44444444444 3.8 4 7 1.95833333333 0.0208333333333 2 4 5 17 19 4 0 0
0 9 2 1 2.77777777778 10.4 5 7 1.98245614035 0.00877192982456 3 5 1 1 9 26 8 0
0 7 3 2 2.11111111111 6.9 4 5 1.9746835443 0.0126582278481 4 6 3 6 4 8 19 5
0 9 2 1 2.88888888889 9.6 6 8 1.98113207547 0.00943396226415 4 5 1 0 9 22 13 0
0 10 1 0 3.0 11.3 5 9 1.9837398374 0.00813008130081 4 7 0 2 7 16 15 5
0 10 1 0 3.22222222222 10.1 4 6 1.98198198198 0.00900900900901 4 6 0 1 10 10 18 6
0 7 4 2 1.77777777778 4.8 4 5 1.96551724138 0.0172413793103 2 5 3 11 17 12 2 0
0 8 2 1 1.77777777778 4.8 3 8 1.96551724138 0.0172413793103 3 5 2 8 20 8 7 0
0 8 3 2 2.88888888889 9.2 5 8 1.98039215686 0.00980392156863 4 6 2 1 6 23 11 2
0 7 4 2 2.0 6.4 5 6 1.97297297297 0.0135135135135 3 5 3 5 20 15 2 0
0 8 2 1 2.22222222222 7.1 3 8 1.97530864198 0.0123456790123 3 5 2 8 21 10 4 0
0 6 3 2 1.77777777778 6.4 4 6 1.97297297297 0.0135135135135 3 5 4 7 14 19 1 0
0 6 3 2 1.66666666667 3.5 4 6 1.95555555556 0.0222222222222 2 5 6 14 16 7 2 0
0 9 2 1 2.22222222222 5.8 5 6 1.97058823529 0.0147058823529 3 6 1 6 19 11 6 2
0 8 2 1 2.0 7.2 6 8 1.9756097561 0.0121951219512 3 5 2 9 16 16 2 0
0 4 4 2 1.44444444444 3.6 5 7 1.95652173913 0.0217391304348 2 4 6 14 23 2 0 0
0 8 2 1 2.0 6.7 4 8 1.97402597403 0.012987012987 3 4 2 5 26 12 0 0
1 9 1 0 3.0 9.33333333333 5 8 1.97849462366 0.010752688172 4 5 0 1 7 19 9 0
0 6 5 2 1.66666666667 6.1 4 7 1.97183098592 0.0140845070423 3 6 4 9 12 15 4 1
0 6 4 3 1.66666666667 4.5 4 6 1.96363636364 0.0181818181818 2 6 5 13 13 11 2 1
0 9 2 1 2.77777777778 10.0 7 8 1.98181818182 0.00909090909091 4 6 1 1 7 24 11 1
0 9 2 1 2.66666666667 9.3 4 7 1.98058252427 0.00970873786408 3 5 1 3 13 17 11 0
0 7 2 1 1.66666666667 3.2 6 5 1.95238095238 0.0238095238095 2 4 3 15 23 4 0 0
0 10 1 0 2.55555555556 7.3 6 8 1.97590361446 0.0120481927711 3 5 0 5 13 26 1 0
0 7 3 2 2.0 7.2 4 8 1.9756097561 0.0121951219512 3 5 3 6 17 12 7 0
0 7 4 3 2.22222222222 6.5 4 6 1.97333333333 0.0133333333333 3 5 4 6 9 19 7 0
0 8 3 2 3.11111111111 10.1 4 6 1.98198198198 0.00900900900901 4 7 2 1 4 16 13 9
0 4 5 4 1.44444444444 4.5 3 6 1.96363636364 0.0181818181818 2 5 8 13 17 6 1 0
0 7 3 2 1.88888888889 5.0 3 8 1.96666666667 0.0166666666667 3 4 3 7 21 14 0 0
1 9 1 0 2.375 7.11111111111 4 7 1.97260273973 0.013698630137 3 5 0 5 10 20 1 0
0 7 2 1 2.55555555556 7.0 5 7 1.975 0.0125 4 6 3 0 5 13 16 8
0 10 1 0 3.11111111111 10.5 4 7 1.98260869565 0.00869565217391 4 7 0 2 6 21 10 6
0 8 2 1 2.22222222222 8.1 4 7 1.97802197802 0.010989010989 3 6 2 4 11 18 9 1
0 7 3 2 1.77777777778 4.5 4 5 1.96363636364 0.0181818181818 2 5 3 9 23 9 1 0
0 9 2 1 2.33333333333 5.7 5 6 1.97014925373 0.0149253731343 3 4 1 5 20 19 0 0
0 6 5 4 2.44444444444 7.4 4 6 1.97619047619 0.0119047619048 3 6 8 2 6 18 9 2
0 8 2 1 2.33333333333 7.0 5 8 1.975 0.0125 3 6 2 4 11 15 10 3
0 7 3 2 2.0 5.8 4 7 1.97058823529 0.0147058823529 2 5 3 10 19 11 2 0
0 9 2 1 2.66666666667 8.2 5 9 1.97826086957 0.0108695652174 3 5 1 1 23 19 1 0
0 9 2 1 2.33333333333 6.7 5 6 1.97402597403 0.012987012987 3 5 1 6 13 24 1 0
0 10 1 0 3.0 9.3 5 6 1.98058252427 0.00970873786408 4 6 0 2 5 19 16 3
0 9 2 1 2.55555555556 8.5 3 8 1.97894736842 0.0105263157895 3 5 1 6 16 12 10 0
0 9 2 1 3.33333333333 10.7 5 8 1.98290598291 0.00854700854701 4 6 1 0 4 22 16 2
1 8 2 1 2.125 6.22222222222 7 8 1.96923076923 0.0153846153846 3 4 1 6 18 11 0 0
0 7 3 2 2.11111111111 5.8 4 6 1.97058823529 0.0147058823529 3 6 4 2 12 16 9 2
0 4 7 5 1.33333333333 2.9 5 5 1.94871794872 0.025641025641 2 4 7 25 9 4 0 0
0 8 2 1 2.33333333333 7.3 4 7 1.97590361446 0.0120481927711 3 6 2 3 13 20 6 1
0 10 1 0 2.11111111111 6.6 5 7 1.97368421053 0.0131578947368 3 5 0 9 19 15 2 0
0 8 2 1 1.88888888889 4.9 7 7 1.96610169492 0.0169491525424 3 5 2 9 18 11 5 0
0 8 2 1 2.44444444444 7.2 6 6 1.9756097561 0.0121951219512 4 6 2 3 6 17 13 4
0 8 3 2 2.33333333333 7.9 5 8 1.97752808989 0.0112359550562 3 5 2 3 15 20 5 0
0 5 6 4 1.66666666667 4.3 3 5 1.96226415094 0.0188679245283 2 5 7 7 18 12 1 0
2 8 1 0 3.14285714286 7.0 4 5 1.96875 0.015625 4 5 0 0 6 9 13 0
0 4 7 4 1.55555555556 3.0 5 8 1.95 0.025 2 5 8 10 17 9 1 0
0 8 2 1 2.22222222222 6.7 7 7 1.97402597403 0.012987012987 3 6 2 4 12 15 6 6
0 7 4 3 2.0 6.7 4 8 1.97402597403 0.012987012987 3 5 3 6 11 23 2 0
0 9 2 1 2.0 5.8 7 6 1.97058823529 0.0147058823529 3 4 1 13 16 15 0 0
1 6 3 2 1.875 5.22222222222 6 7 1.96428571429 0.0178571428571 3 5 3 5 14 13 1 0
0 9 2 1 2.66666666667 9.1 4 7 1.9801980198 0.00990099009901 3 5 1 1 9 27 7 0
0 5 6 3 1.55555555556 4.0 4 5 1.96 0.02 2 5 7 12 14 9 3 0
0 8 3 2 2.22222222222 7.3 4 6 1.97590361446 0.0120481927711 3 6 3 9 16 7 5 5
1 8 2 1 2.25 5.33333333333 8 7 1.9649122807 0.0175438596491 3 4 1 5 22 8 0 0
0 7 3 2 1.66666666667 5.4 5 6 1.96875 0.015625 3 5 3 9 18 14 1 0
0 6 5 3 1.77777777778 5.6 4 7 1.9696969697 0.0151515151515 2 5 4 11 18 8 4 0
0 9 2 1 2.55555555556 7.9 6 6 1.97752808989 0.0112359550562 3 6 1 4 12 19 6 3
0 5 5 2 1.44444444444 3.0 5 4 1.95 0.025 2 4 5 14 20 6 0 0
1 9 1 0 2.875 8.77777777778 4 7 1.97727272727 0.0113636363636 3 5 0 2 8 19 7 0
0 10 1 0 2.77777777778 9.2 5 6 1.98039215686 0.00980392156863 3 5 0 4 14 17 10 0
2 7 2 1 2.14285714286 4.625 7 5 1.95555555556 0.0222222222222 3 4 1 5 15 7 0 0
0 9 2 1 2.66666666667 9.9 4 6 1.98165137615 0.00917431192661 4 6 1 4 7 14 17 2
0 10 1 0 2.77777777778 9.5 5 8 1.98095238095 0.00952380952381 3 5 0 3 11 21 10 0
0 4 5 3 1.33333333333 3.2 4 5 1.95238095238 0.0238095238095 2 5 6 11 9 17 2 0
0 9 2 1 2.44444444444 8.9 4 7 1.9797979798 0.010101010101 3 6 1 4 16 14 9 1
