0 3 8 5 1.33333333333 2.7 3 5 1.94594594595 0.027027027027 2 5 12 10 13 9 1 0
0 9 2 1 2.22222222222 5.9 3 7 1.97101449275 0.0144927536232 3 4 1 7 27 10 0 0
0 10 1 0 3.11111111111 10.7 4 6 1.98290598291 0.00854700854701 4 6 0 1 9 21 13 1
0 8 2 1 2.0 5.5 4 6 1.96923076923 0.0153846153846 2 4 2 8 25 10 0 0
0 7 2 1 2.66666666667 8.0 8 5 1.97777777778 0.0111111111111 4 7 3 7 3 8 16 8
0 8 3 2 2.0 6.5 5 7 1.97333333333 0.0133333333333 3 4 2 8 18 17 0 0
0 9 2 1 2.44444444444 6.5 6 6 1.97333333333 0.0133333333333 3 5 1 3 15 20 6 0
0 7 3 2 1.88888888889 6.4 4 6 1.97297297297 0.0135135135135 3 5 3 6 25 9 2 0
0 5 4 2 1.55555555556 5.2 3 7 1.96774193548 0.0161290322581 2 4 5 10 24 6 0 0
0 9 2 1 2.66666666667 8.6 4 7 1.97916666667 0.0104166666667 3 4 1 1 16 27 0 0
0 9 2 1 2.55555555556 7.8 5 6 1.97727272727 0.0113636363636 3 5 1 2 11 25 6 0
0 5 6 5 1.55555555556 3.5 3 7 1.95555555556 0.0222222222222 2 4 6 15 16 8 0 0
0 4 5 4 1.66666666667 4.2 3 7 1.96153846154 0.0192307692308 2 6 7 15 8 8 6 1
0 9 2 1 2.77777777778 8.9 5 4 1.9797979798 0.010101010101 3 6 1 4 7 19 12 2
0 6 3 2 1.88888888889 5.5 4 6 1.96923076923 0.0153846153846 3 5 4 3 21 16 1 0
0 10 1 0 2.66666666667 8.5 4 6 1.97894736842 0.0105263157895 3 5 0 3 9 26 7 0
0 8 2 1 2.22222222222 5.8 6 7 1.97058823529 0.0147058823529 3 5 2 7 14 17 5 0
0 10 1 0 3.0 9.5 4 6 1.98095238095 0.00952380952381 3 6 0 1 12 24 6 2
0 10 1 0 2.66666666667 7.1 4 6 1.97530864198 0.0123456790123 3 5 0 3 22 18 2 0
1 9 1 0 3.125 8.77777777778 3 6 1.97727272727 0.0113636363636 3 5 0 1 9 21 5 0
0 8 3 2 1.77777777778 4.0 6 4 1.96 0.02 2 4 2 16 20 7 0 0
0 9 2 1 2.22222222222 7.7 4 7 1.97701149425 0.0114942528736 3 5 1 5 17 20 2 0
0 9 2 1 2.77777777778 8.2 5 6 1.97826086957 0.0108695652174 3 5 1 1 19 16 8 0
0 8 3 2 2.55555555556 8.2 4 7 1.97826086957 0.0108695652174 3 5 3 1 10 23 8 0
2 8 1 0 2.57142857143 7.5 4 5 1.97058823529 0.0147058823529 3 5 0 3 8 12 5 0
0 10 1 0 2.55555555556 8.2 6 8 1.97826086957 0.0108695652174 3 5 0 4 20 17 4 0
0 10 1 0 3.0 10.2 5 7 1.98214285714 0.00892857142857 3 6 0 1 9 28 4 3
0 9 2 1 2.77777777778 9.0 4 7 1.98 0.01 3 5 1 0 14 28 2 0
0 10 1 0 4.0 13.3 4 7 1.98601398601 0.00699300699301 4 6 0 1 0 17 19 8
0 6 3 2 2.0 6.5 3 7 1.97333333333 0.0133333333333 3 5 5 2 18 18 2 0
0 10 1 0 3.33333333333 10.2 5 8 1.98214285714 0.00892857142857 4 6 0 0 7 23 14 1
0 10 1 0 2.55555555556 7.7 3 9 1.97701149425 0.0114942528736 3 5 0 4 20 18 3 0
0 9 2 1 2.33333333333 7.2 6 5 1.9756097561 0.0121951219512 3 5 1 4 16 23 1 0
0 10 1 0 3.0 9.6 4 6 1.98113207547 0.00943396226415 3 5 0 1 15 22 7 0
0 10 1 0 3.0 9.2 4 6 1.98039215686 0.00980392156863 3 6 0 2 13 19 8 3
0 9 2 1 3.33333333333 11.1 5 6 1.98347107438 0.00826446280992 4 6 1 1 3 15 15 10
0 10 1 0 3.44444444444 10.6 5 7 1.98275862069 0.00862068965517 4 7 0 0 10 14 11 10
0 7 3 2 2.11111111111 6.9 3 6 1.9746835443 0.0126582278481 3 6 4 5 15 10 10 1
0 9 1 0 3.75 11.2222222222 4 7 1.98181818182 0.00909090909091 4 7 0 1 3 11 16 5
0 10 1 0 3.11111111111 9.9 5 5 1.98165137615 0.00917431192661 4 6 0 3 5 24 11 2
0 10 1 0 2.66666666667 7.6 4 7 1.97674418605 0.0116279069767 3 5 0 6 12 25 2 0
0 9 2 1 2.88888888889 9.4 4 7 1.98076923077 0.00961538461538 3 5 1 0 14 21 9 0
0 9 2 1 2.55555555556 7.4 5 6 1.97619047619 0.0119047619048 3 5 1 2 22 13 7 0
0 6 5 3 2.0 7.1 4 6 1.97530864198 0.0123456790123 3 5 5 6 10 16 8 0
0 5 6 4 1.66666666667 4.5 5 7 1.96363636364 0.0181818181818 2 5 10 8 12 9 6 0
0 8 3 2 2.11111111111 6.9 4 6 1.9746835443 0.0126582278481 3 5 2 5 18 16 4 0
0 9 2 1 2.22222222222 6.8 4 6 1.97435897436 0.0128205128205 3 5 1 6 17 18 3 0
0 9 2 1 2.55555555556 6.4 3 8 1.97297297297 0.0135135135135 3 4 1 2 29 13 0 0
0 8 2 1 2.22222222222 7.0 6 6 1.975 0.0125 3 5 2 3 15 19 6 0
0 6 4 3 2.0 4.6 4 6 1.96428571429 0.0178571428571 2 5 5 7 21 10 2 0
0 9 2 1 2.11111111111 6.2 4 7 1.97222222222 0.0138888888889 3 4 1 6 21 17 0 0
0 10 1 0 2.66666666667 8.5 3 9 1.97894736842 0.0105263157895 3 7 0 7 16 13 5 4
0 8 2 1 2.22222222222 5.8 4 6 1.97058823529 0.0147058823529 3 5 2 3 21 16 3 0
0 4 7 4 1.44444444444 3.1 3 5 1.9512195122 0.0243902439024 2 5 8 16 10 9 2 0
0 10 1 0 2.66666666667 8.0 5 7 1.97777777778 0.0111111111111 3 5 0 3 23 15 4 0
0 9 2 1 2.33333333333 6.9 4 8 1.9746835443 0.0126582278481 3 5 1 5 17 19 3 0
0 7 3 2 2.44444444444 6.2 4 7 1.97222222222 0.0138888888889 3 5 4 1 15 17 8 0
0 9 2 1 2.77777777778 8.3 6 7 1.97849462366 0.010752688172 3 6 1 2 17 12 5 8
3 7 1 0 2.83333333333 6.14285714286 4 6 1.96 0.02 3 5 0 2 11 5 3 0
0 10 1 0 2.55555555556 6.9 6 7 1.9746835443 0.0126582278481 3 5 0 5 23 16 1 0
0 9 2 1 2.33333333333 7.5 7 7 1.97647058824 0.0117647058824 3 6 1 5 9 20 8 2
0 8 2 1 2.0 6.1 4 6 1.97183098592 0.0140845070423 3 5 2 8 18 16 1 0
0 8 3 2 2.33333333333 6.3 5 6 1.97260273973 0.013698630137 3 5 2 3 21 18 1 0
0 9 2 1 2.55555555556 7.7 3 9 1.97701149425 0.0114942528736 3 5 1 2 15 22 5 0
2 8 1 0 2.28571428571 5.125 3 4 1.95918367347 0.0204081632653 3 5 0 7 8 9 4 0
1 8 2 1 2.875 9.0 5 8 1.97777777778 0.0111111111111 3 6 1 2 8 16 6 3
0 9 2 1 2.33333333333 7.4 5 7 1.97619047619 0.0119047619048 3 5 1 5 16 18 5 0
0 10 1 0 3.11111111111 9.6 5 6 1.98113207547 0.00943396226415 3 5 0 0 10 27 8 0
0 9 2 1 2.11111111111 6.1 4 7 1.97183098592 0.0140845070423 3 5 1 6 18 15 5 0
0 9 2 1 2.33333333333 6.6 4 7 1.97368421053 0.0131578947368 3 5 1 6 11 24 3 0
0 10 1 0 3.22222222222 11.7 4 7 1.9842519685 0.00787401574803 4 7 0 1 10 14 12 8
0 10 1 0 2.44444444444 7.3 4 6 1.97590361446 0.0120481927711 3 4 0 5 23 17 0 0
0 2 9 7 1.11111111111 1.8 2 6 1.92857142857 0.0357142857143 1 3 18 20 7 0 0 0
0 10 1 0 2.44444444444 7.7 5 6 1.97701149425 0.0114942528736 3 5 0 5 14 22 4 0
0 5 5 4 1.44444444444 3.1 5 5 1.9512195122 0.0243902439024 2 3 6 16 23 0 0 0
0 10 1 0 3.11111111111 9.9 5 6 1.98165137615 0.00917431192661 4 7 0 2 8 17 9 9
0 8 3 2 2.11111111111 6.0 3 7 1.97142857143 0.0142857142857 3 5 2 6 17 18 2 0
0 4 7 4 1.44444444444 3.7 4 5 1.95744680851 0.0212765957447 2 5 9 14 12 5 5 0
0 5 6 4 1.88888888889 5.8 3 6 1.97058823529 0.0147058823529 3 5 8 9 8 10 10 0
0 7 2 1 2.11111111111 6.5 4 8 1.97333333333 0.0133333333333 3 5 3 5 20 14 3 0
1 7 3 2 2.25 5.44444444444 3 7 1.96551724138 0.0172413793103 3 6 2 8 10 9 6 1
0 8 3 2 2.22222222222 7.2 3 8 1.9756097561 0.0121951219512 3 5 3 5 18 17 2 0
0 9 2 1 2.44444444444 6.7 6 7 1.97402597403 0.012987012987 3 5 1 4 18 18 4 0
0 10 1 0 2.66666666667 9.0 5 6 1.98 0.01 3 5 0 3 12 22 8 0
0 9 2 1 2.22222222222 6.9 3 6 1.9746835443 0.0126582278481 3 5 1 5 19 19 1 0
0 10 1 0 2.66666666667 7.3 4 9 1.97590361446 0.0120481927711 3 5 0 3 26 15 1 0
1 9 1 0 2.5 6.66666666667 6 6 1.97101449275 0.0144927536232 3 5 0 4 15 15 2 0
0 9 2 1 2.55555555556 7.5 5 7 1.97647058824 0.0117647058824 3 5 1 2 13 28 1 0
0 6 4 3 2.11111111111 6.1 4 6 1.97183098592 0.0140845070423 3 6 6 7 10 6 13 3
0 8 2 1 2.22222222222 6.5 3 8 1.97333333333 0.0133333333333 3 5 2 4 23 13 3 0
0 9 2 1 2.55555555556 9.7 5 8 1.98130841121 0.00934579439252 3 5 1 3 8 21 12 0
0 10 1 0 3.22222222222 9.6 5 7 1.98113207547 0.00943396226415 4 6 0 1 10 16 14 4
0 2 9 7 1.33333333333 1.0 7 3 1.9 0.05 1 5 23 13 0 6 3 0
0 4 6 5 1.66666666667 3.1 3 7 1.9512195122 0.0243902439024 3 6 14 4 7 5 11 4
0 6 4 3 1.66666666667 4.0 3 7 1.96 0.02 3 5 6 7 18 9 5 0
0 8 2 1 2.22222222222 6.2 5 6 1.97222222222 0.0138888888889 3 5 2 4 22 12 5 0
0 7 3 2 1.77777777778 4.6 5 7 1.96428571429 0.0178571428571 2 4 3 11 22 9 0 0
0 9 2 1 2.88888888889 9.0 4 6 1.98 0.01 4 6 1 2 8 18 10 6
0 10 1 0 2.66666666667 7.3 7 6 1.97590361446 0.0120481927711 3 5 0 3 21 20 1 0
0 6 5 3 1.66666666667 4.1 4 6 1.96078431373 0.0196078431373 2 4 4 21 12 8 0 0
0 9 2 1 2.22222222222 7.3 4 8 1.97590361446 0.0120481927711 3 4 1 5 19 20 0 0
0 9 2 1 3.11111111111 11.8 6 8 1.984375 0.0078125 4 6 1 0 8 15 18 3
0 5 5 4 1.55555555556 3.8 4 5 1.95833333333 0.0208333333333 3 6 7 7 7 15 7 2
0 9 2 1 2.77777777778 10.0 4 6 1.98181818182 0.00909090909091 3 5 1 1 8 24 11 0
0 9 2 1 2.22222222222 6.5 5 7 1.97333333333 0.0133333333333 3 4 1 5 22 17 0 0
0 8 3 2 2.55555555556 9.0 4 7 1.98 0.01 3 5 3 1 14 13 14 0
0 9 2 1 2.55555555556 8.5 5 7 1.97894736842 0.0105263157895 3 5 1 3 10 24 7 0
0 10 1 0 2.77777777778 9.3 6 8 1.98058252427 0.00970873786408 3 6 0 3 16 16 9 1
0 7 3 2 2.0 5.5 7 6 1.96923076923 0.0153846153846 3 5 4 4 17 11 9 0
0 10 1 0 2.44444444444 6.5 7 6 1.97333333333 0.0133333333333 3 5 0 5 18 17 5 0
0 7 3 2 1.66666666667 2.8 7 5 1.94736842105 0.0263157894737 2 4 3 18 19 5 0 0
0 7 4 3 2.33333333333 7.0 6 5 1.975 0.0125 4 6 3 6 8 10 7 11
0 7 4 3 2.0 5.1 6 6 1.96721311475 0.016393442623 3 5 3 6 17 18 1 0
0 8 2 1 1.88888888889 3.9 4 5 1.95918367347 0.0204081632653 2 4 2 9 24 10 0 0
0 7 2 1 2.22222222222 7.8 4 6 1.97727272727 0.0113636363636 3 5 3 2 11 21 8 0
0 9 2 1 2.33333333333 8.5 4 7 1.97894736842 0.0105263157895 3 6 1 6 14 12 11 1
0 9 2 1 2.0 5.1 6 8 1.96721311475 0.016393442623 2 4 1 11 25 8 0 0
0 7 2 1 2.11111111111 6.4 5 7 1.97297297297 0.0135135135135 3 5 3 6 13 17 6 0
0 7 3 2 2.11111111111 7.5 5 8 1.97647058824 0.0117647058824 3 5 3 3 14 24 1 0
0 9 2 1 2.11111111111 6.3 4 6 1.97260273973 0.013698630137 3 4 1 9 21 14 0 0
